2 0.061806 0.188194 0.120833 0.126389
2 0.184722 0.188194 0.122222 0.126389
2 0.311111 0.188194 0.122222 0.126389
2 0.436111 0.188194 0.122222 0.126389
2 0.559722 0.189583 0.122222 0.126389
2 0.687500 0.186806 0.122222 0.126389
2 0.812500 0.189583 0.122222 0.126389
2 0.934722 0.186806 0.122222 0.126389
2 0.563889 0.560417 0.122222 0.126389
2 0.061111 0.810417 0.119444 0.126389
2 0.189583 0.811806 0.120833 0.126389
2 0.315278 0.810417 0.122222 0.126389
2 0.441667 0.814583 0.122222 0.126389
2 0.687500 0.813194 0.122222 0.126389
2 0.813889 0.811806 0.122222 0.126389
2 0.938889 0.811806 0.122222 0.126389
1 0.562500 0.937500 0.122222 0.122222
1 0.561111 0.061806 0.122222 0.120833
