2 0.061806 0.188194 0.120833 0.126389
2 0.184722 0.188194 0.122222 0.126389
2 0.687500 0.186806 0.122222 0.126389
2 0.812500 0.189583 0.122222 0.126389
2 0.934722 0.186806 0.122222 0.126389
2 0.687500 0.813194 0.122222 0.126389
2 0.813889 0.811806 0.122222 0.126389
2 0.938889 0.811806 0.122222 0.126389
1 0.562500 0.937500 0.122222 0.122222
1 0.561111 0.061806 0.122222 0.120833
2 0.313889 0.187500 0.122222 0.127778
2 0.562500 0.187500 0.122222 0.127778
2 0.437500 0.814583 0.122222 0.129167
2 0.311111 0.815972 0.122222 0.129167
2 0.188889 0.811806 0.122222 0.129167
2 0.062500 0.814583 0.122222 0.129167
3 0.437500 0.436806 0.122222 0.126389
3 0.437500 0.936806 0.122222 0.126389
0 0.313194 0.937500 0.126389 0.116667
0 0.688194 0.937500 0.126389 0.116667
0 0.686806 0.065278 0.126389 0.116667
0 0.311806 0.061111 0.126389 0.116667
4 0.938889 0.063194 0.116667 0.123611
4 0.062500 0.064583 0.116667 0.123611
4 0.058333 0.938194 0.113889 0.123611
4 0.936111 0.938194 0.116667 0.123611
5 0.813889 0.065278 0.125000 0.122222
5 0.309722 0.311111 0.125000 0.122222
5 0.309722 0.688889 0.125000 0.122222
5 0.809722 0.938889 0.125000 0.122222
