1 0.561111 0.062500 0.125000 0.119444
1 0.565278 0.940278 0.125000 0.119444
2 0.063889 0.189583 0.125000 0.123611
2 0.188889 0.186806 0.125000 0.123611
2 0.812500 0.188194 0.125000 0.123611
2 0.313889 0.311806 0.125000 0.123611
2 0.561111 0.313194 0.125000 0.123611
2 0.062500 0.436806 0.122222 0.123611
2 0.937500 0.564583 0.125000 0.123611
2 0.188889 0.689583 0.125000 0.123611
2 0.558333 0.688194 0.125000 0.123611
2 0.309722 0.811806 0.125000 0.123611
2 0.809722 0.814583 0.125000 0.123611
2 0.937500 0.813194 0.125000 0.123611
